Camera matrix:  
[[679.82824225   0.         588.2478929 ]
 [  0.         693.92765732 400.91104049]
 [  0.           0.           1.        ]]
Distortion coefficients:  [[ 0.30926673 -2.05713752 -0.01761203 -0.01262578  4.53860653]]
rvecs:  (array([[-0.25497605],
       [ 0.03430008],
       [-1.38629963]]),)
tvecs:  (array([[-0.18320038],
       [ 2.56112297],
       [ 8.60295394]]),)
fx:  679.828242245427
fy:  693.9276573236933
cx:  588.247892901523
cy:  400.91104048662265
k1:  0.30926672600698124
k2:  -2.057137517985581
p1:  -0.017612026696176234
p2:  -0.012625783579689633
k3:  4.538606532081403